a0015.lab,6,7
a0023.lab,32,33
a0024.lab,21
a0030.lab,26
a0034.lab,12
a0039.lab,21
a0045.lab,30,31
a0051.lab,20
a0053.lab,34
a0062.lab,27
a0064.lab,16
a0075.lab,13,14
a0076.lab,6
a0086.lab,6
a0091.lab,30
a0096.lab,25
a0108.lab,32,33,34,35,36,37,38,39,40,41,42,43,44,45,46,47
a0113.lab,28
a0114.lab,3
a0117.lab,18,43
a0119.lab,25,34
a0121.lab,13
a0122.lab,16,17
a0124.lab,17
a0127.lab,40
a0134.lab,34
a0138.lab,14
a0142.lab,28
a0143.lab,8,9,39,40
a0147.lab,31
a0151.lab,20,21,46,47
a0152.lab,4
a0155.lab,31,38
a0156.lab,7,25
a0158.lab,38,39,40,41,42,43,44,45,46
a0160.lab,28,29,30,31,32,33,34,36,37,39,40,41,42,43,45,47,48
a0162.lab,4
a0163.lab,38
a0164.lab,13
a0165.lab,9,10
a0166.lab,10
a0167.lab,22
a0169.lab,32
a0173.lab,27,28
a0176.lab,41,46
a0178.lab,38
a0179.lab,12
a0180.lab,8
a0184.lab,40
a0186.lab,32,33,34,35,37,38,39,40,41,42,43,44,45,46,47,48,49,50,51,52,53,54,55,56,57,58,59,60,61,62,63,64,65,66,67,68,69,70,71,72,73,74,75
a0188.lab,36
a0191.lab,31
a0193.lab,4
a0199.lab,4
a0203.lab,11
a0205.lab,28,35
a0209.lab,21
a0213.lab,9,12
a0214.lab,9
a0224.lab,14,34
a0233.lab,35,36
a0234.lab,10
a0235.lab,17
a0236.lab,19
a0240.lab,13
a0241.lab,6
a0253.lab,30,31
a0254.lab,26
a0255.lab,20
a0259.lab,25
a0260.lab,17,18
a0261.lab,15
a0263.lab,9,10
a0268.lab,17
a0269.lab,2
a0272.lab,21,22
a0273.lab,6
a0281.lab,6
a0284.lab,6,7,27
a0288.lab,29,30
a0289.lab,5,6,7,8,9,10,11,12,13,14,15,16,17,18,19,20,21,23,24,25,26,27,28,29,30,31,32,33,35,36,37,38,39,40,41,42,43
a0290.lab,16,17,18,19,20,21,22,23,24,25,26,27,28,29,30
a0292.lab,4
a0293.lab,5,6,7,8,9,10,11,12,13,14,15,16,17,18,19,20,21,22,23,24,25,26,27,28,29,30,31,32,33
a0294.lab,11,32
a0295.lab,16,17,18,19,20,21,22,24,25,26,27,28,29,30,31,32,33,34,35,36
a0296.lab,5
a0298.lab,14,15,16,17,18,19,20,21,22,23,24,25,26,27,28,29,30,31
a0299.lab,5,6,7,8,9,10,11,12,13,14,15,16,17,18,22,23,24,25
a0301.lab,9,10,23
a0302.lab,26
a0303.lab,13
a0308.lab,13
a0309.lab,7
a0312.lab,3
a0313.lab,28
a0314.lab,2
a0315.lab,13
a0316.lab,16
a0319.lab,25
a0322.lab,9,10
a0323.lab,12,19,20,21
a0325.lab,19
a0328.lab,41
a0332.lab,15,16
a0336.lab,9,10
a0338.lab,5
a0341.lab,21,22
a0344.lab,15,16
a0348.lab,29,30,31,32,33,34,35,36,37,38,39,40,41,42,43,44
a0349.lab,8
a0352.lab,8,22
a0353.lab,2
a0354.lab,4
a0355.lab,14
a0357.lab,9,10,26
a0363.lab,30
a0368.lab,9,10
a0371.lab,31
a0372.lab,18
a0374.lab,26
a0375.lab,6
a0378.lab,8,9
a0386.lab,38,39
a0388.lab,33,34
a0389.lab,5
a0390.lab,13
a0393.lab,23
a0397.lab,26,27
a0400.lab,23
a0403.lab,25
a0406.lab,27,28,29,30,31,32,33,34,35
a0407.lab,18
a0408.lab,23
a0411.lab,8,14,17,18
a0413.lab,25
a0425.lab,45
a0427.lab,24
a0431.lab,13
a0432.lab,7
a0436.lab,28
a0439.lab,9
a0440.lab,18
a0442.lab,13,21
a0445.lab,5
a0447.lab,17,18
a0448.lab,9,10
a0451.lab,6
a0452.lab,24
a0454.lab,28
a0455.lab,6
a0456.lab,10
a0457.lab,22
a0458.lab,24
a0459.lab,29
a0461.lab,24
a0466.lab,2,5,6
a0469.lab,17,18,19,20,21,22,23,24,25,26,27,28,29,30,31,32,33,34
a0470.lab,15,18,19
a0471.lab,23
a0472.lab,21
a0476.lab,20
a0478.lab,14
a0482.lab,8,9
a0486.lab,17
a0489.lab,20
a0491.lab,6,7,10,17,18
a0493.lab,13
a0495.lab,5,17,18
a0497.lab,23
a0498.lab,15
a0508.lab,25
a0509.lab,13,14,15,16,17,18,19,20,21,22,24,25,26,27,28,29,30,31,32,33,34
a0518.lab,24
a0519.lab,24
a0523.lab,2
a0528.lab,20
a0531.lab,14,19
a0534.lab,17
a0537.lab,3,13
a0541.lab,10,11,18,19
a0542.lab,25,26
a0545.lab,16
a0550.lab,7
a0551.lab,7
a0552.lab,14
a0554.lab,12,13
a0560.lab,33,34
a0562.lab,7,13,14
a0566.lab,23
a0567.lab,14
a0570.lab,7,13
a0572.lab,5,11
a0576.lab,28,29,30,31
a0577.lab,22,23,24,25,26,27,28,29,30,31,32,33,34,35,36
a0578.lab,17
a0579.lab,5,6,7,9,10,11,12,13,14,15,16,17,18,19,20,21,22,23,24,25,26,27,28,29,30,31,32,33,34,35,36,37,38,39,40,41,42,43,44,45
a0580.lab,18,34,35,36,37
a0581.lab,5,6,7,8,9,10,11,12,13,14,15,16,17,18,19,20,21,22
a0582.lab,29,30,31,32,33,34,35,36,37,38
a0583.lab,18,23
a0584.lab,9
a0585.lab,22
a0586.lab,27
a0588.lab,20,36
a0589.lab,9,10
a0591.lab,16,17
a0594.lab,9,10,24
a0597.lab,19
a0598.lab,6,7
a0601.lab,7
a0602.lab,5,27
a0605.lab,19
a0606.lab,19
a0607.lab,22
a0608.lab,5,17,18
a0611.lab,27
a0616.lab,9,10,11,20
a0618.lab,9,10
a0619.lab,21,28
a0620.lab,12,13
a0627.lab,18
a0631.lab,7
a0632.lab,7,17,18
a0633.lab,19
a0635.lab,8
a0637.lab,22
a0639.lab,22
a0640.lab,25
a0642.lab,22
a0646.lab,27,28
a0655.lab,22
a0656.lab,33,34,37
a0660.lab,2,16,17,18,19,20,21,22,23,24,25,26,27,28,29,30,31,32,33,34,35,36
a0661.lab,39,40
a0662.lab,14
a0664.lab,13
a0665.lab,29,30
a0666.lab,21
a0669.lab,3
a0671.lab,16
a0672.lab,26
a0675.lab,7,23,24
a0682.lab,23
a0683.lab,5
a0684.lab,6,11,12,36
a0685.lab,11
a0686.lab,13
a0689.lab,9,10
a0695.lab,9,10,17,18
a0697.lab,20,21
a0698.lab,12,13
a0705.lab,8,9
a0708.lab,8,9
a0709.lab,5
a0711.lab,6
a0712.lab,23,24
a0720.lab,43
a0721.lab,6
a0723.lab,10
a0724.lab,4,30
a0726.lab,15,16
a0729.lab,24
a0733.lab,24
a0736.lab,14,36
a0738.lab,28
a0740.lab,15,17
a0741.lab,21
a0743.lab,25
a0750.lab,9,13
a0752.lab,24,25
a0760.lab,22
a0761.lab,26,27
a0762.lab,24
a0764.lab,17,18
a0765.lab,6,7,20,23
a0767.lab,7
a0770.lab,14
a0773.lab,2
a0774.lab,24,25
a0776.lab,21,22
a0779.lab,28
a0782.lab,19
a0785.lab,24
a0786.lab,22
a0791.lab,22
a0792.lab,18,41
a0802.lab,28
a0805.lab,39
a0809.lab,32
a0810.lab,14
a0812.lab,5,19,26
a0814.lab,15
a0816.lab,20,35
a0819.lab,9,10
a0822.lab,4,44
a0823.lab,32
a0824.lab,13,14,17,18,20,21,22
a0826.lab,9
a0829.lab,15
a0830.lab,22
a0833.lab,17
a0834.lab,14
a0835.lab,21,22
a0837.lab,14
a0840.lab,9,20
a0843.lab,6
a0845.lab,27
a0848.lab,21
a0850.lab,29
a0852.lab,15,16,19
a0853.lab,17,18
a0860.lab,12
a0864.lab,14
a0872.lab,23
a0876.lab,12,14
a0877.lab,2
a0878.lab,14
a0880.lab,36
a0881.lab,36
a0882.lab,20
a0883.lab,33
a0884.lab,11
a0885.lab,35
a0886.lab,17
a0887.lab,8,9,29
a0888.lab,35
a0889.lab,13
a0892.lab,17
a0893.lab,24,25
a0895.lab,29
a0901.lab,5
a0902.lab,25
a0905.lab,11
a0908.lab,2
a0909.lab,25
a0912.lab,21,22
a0913.lab,5,18
a0914.lab,6,7
a0915.lab,4
a0916.lab,21,22
a0917.lab,4
a0918.lab,34
a0919.lab,7,8
a0920.lab,4
a0922.lab,4
a0924.lab,4,24
a0927.lab,26
a0928.lab,4
a0929.lab,17,18
a0931.lab,11
a0932.lab,6
a0934.lab,3
a0939.lab,15,16
a0941.lab,15,16,24,25
a0943.lab,15,16
a0949.lab,8,9
a0951.lab,22,25,26,35
a0953.lab,19,20
a0955.lab,12,13
a0956.lab,9,10
a0958.lab,14
a0959.lab,27
a0962.lab,17
a0963.lab,29
a0964.lab,28
a0965.lab,15,16
a0968.lab,9,10,40
a0971.lab,7,10,11
a0972.lab,4
a0976.lab,11
a0979.lab,9
a0982.lab,15
a0983.lab,9,10
a0985.lab,6,14
a0988.lab,4,5,6,7,8,10,11,12,13,14,15,16,17,18,19,20,21,22,23,24
a0992.lab,15
a0995.lab,29,30,33,34,35
a1000.lab,11,12,13,14,16,17,18,19,20,21,22
a1012.lab,31
a1015.lab,10,19,20
a1024.lab,10
a1034.lab,12,13,29
a1037.lab,14
a1040.lab,2
a1041.lab,28
a1045.lab,3,23
a1046.lab,3
a1047.lab,2
a1049.lab,3,12
a1051.lab,3
a1053.lab,15,18
a1054.lab,3
a1056.lab,3
a1057.lab,17
a1059.lab,11
a1063.lab,6,26
a1080.lab,9
a1094.lab,15,20
a1097.lab,12
a1098.lab,20
a1106.lab,4
a1108.lab,42,43
a1113.lab,27
a1118.lab,21,22
a1119.lab,16
a1128.lab,16
a1130.lab,10
a1140.lab,7
a1141.lab,24
a1142.lab,12,13
a1143.lab,10
a1146.lab,6
a1154.lab,5,12,26,27
a1156.lab,19
a1159.lab,4
a1162.lab,4
a1163.lab,8
a1169.lab,7
a1170.lab,4
a1173.lab,25
a1176.lab,24,25
a1177.lab,31,32,33,34,35,36,37,38,39,40,41,42,43,44,45,46,47,48,49,50,51,52,53,54,55,56,57,58,59,60
a1180.lab,6
a1181.lab,24
a1187.lab,19
a1191.lab,6
a1194.lab,15
a1195.lab,10,15
a1196.lab,10
a1202.lab,14,15
a1203.lab,9,10
a1204.lab,9,10
a1206.lab,9,10
a1208.lab,4
a1213.lab,4
a1216.lab,7
a1221.lab,4
a1229.lab,4
a1233.lab,4
a1247.lab,4
a1249.lab,5,6,7,8,9,10,11,12,13,14,16,17,18,19
a1251.lab,9
a1254.lab,7
a1255.lab,4
a1259.lab,4
a1262.lab,18
a1265.lab,21,22
a1271.lab,4
a1273.lab,7
a1277.lab,4
a1283.lab,24
a1284.lab,11
a1285.lab,10
a1290.lab,4
a1291.lab,14
a1292.lab,15
a1295.lab,31
a1296.lab,4,10,18
a1297.lab,19,29,30
a1298.lab,27,28
a1299.lab,7
a1301.lab,16
a1303.lab,11,12
a1308.lab,13
a1311.lab,13
a1313.lab,6,7
a1314.lab,22,23
a1318.lab,3
a1319.lab,4
a1403.lab,16
a1405.lab,43
a1411.lab,31
a1414.lab,14
a1421.lab,17,26
a1426.lab,20
a1428.lab,19
a1429.lab,30,31
a1430.lab,4,15,27
a1435.lab,32
a1436.lab,12,17
a1443.lab,44,45
a1445.lab,34
a1447.lab,13
a1449.lab,60
a1450.lab,10,11,12,13,14,15,16,17,18,19,20,21,22,23,24,25,26,27,28,29,30,31,32,33,34,35,36,37,38,39,40,41,42,43,44,45,46,47,48,49,50,51,52,53,54,55,56
a1451.lab,52
a1452.lab,2,21,158
a1455.lab,11,12,13,14,15,16,17,18,19,20,21,22,23,24,25,26,27,28,29,30,31,32,33,34,35,36,37,38,39,40,41,42,43
a1459.lab,6,32
a1461.lab,45,46,47,48,49,50,51,52,53,54,55,56,57,58,59,60,61,62,63,64,66,67,68,69,70,71,72,73,74,75,76,77,78,79,80,81,82,83,84,85,86,87,88,89,90,91,92,93,94,95,96,97,98,99,100,101,102,103,104,105,106,107,108,109,110,111,112,113,114,115,116,117,118,119,120,121,122,123,124,125,126,127,128,129,130,131,132,133,134,135,136,137,138,139,140,141,142,143,144,145,146,147,148,149,150,151,152,153,154,155,156,157,158,159,160,161,162,163,164,165,166,167,168,169,170,171,172,173,174,175,176,178,179,180,181,182,183,184,185,186,187
a1463.lab,8,10
a1466.lab,32
a1467.lab,23,24,25,26,27,28,29,30,31,32,33,34,35,36,37,38,39,40,41,42,43,44,45,46,47,48,49,50
a1473.lab,47,59,60
a1477.lab,58,61,62
a1478.lab,18,19
a1486.lab,20
a1487.lab,48
a1489.lab,71,72
a1490.lab,38
a1493.lab,19
a1494.lab,20
a1497.lab,20
a1498.lab,7
a1499.lab,19
a1500.lab,16
a1505.lab,30
a1506.lab,14,15,16,17,18,19,20,21,22,23,24,25,26,27,28,29,30,31,32,33,34,35,36,37,38,39,40,41,42,43,44,45,46,47,48,49,50,51,52,53,54
a1507.lab,36
a1513.lab,41
a1514.lab,38
a1515.lab,5
a1516.lab,10
a1518.lab,7,41,42,43,44,47,48,49,50,51,52,53,54,55,56,57,58,59,60,61,62,63,64,65,66,67,68,69,70,71,72,73,74,75
a1520.lab,30
a1522.lab,6
a1525.lab,21
a1527.lab,10
a1528.lab,9
a1529.lab,19,20,21,22,23,24,25,26,27,28,29,30,31,32,33,34,35,36,37,38,39
a1530.lab,40,42
a1532.lab,21
a1538.lab,4,15,42,52
a1539.lab,51
a1544.lab,4,21
a1549.lab,7
a1558.lab,60
a1560.lab,21
a1561.lab,30
a1563.lab,16
a1564.lab,53,54
a1567.lab,13,33
a1570.lab,9
a1575.lab,21,22
a1576.lab,15,16
a1580.lab,43
a1581.lab,13
a1582.lab,16,63
a1583.lab,34
a1584.lab,16
a1585.lab,40
a1586.lab,42
a1587.lab,51,52,53,54,55,56,57,58,59,60,61,62,63,64,65,66,67,68,69,70,71,72,73,74,75,76,77
a1589.lab,29
a1594.lab,33
a1601.lab,45,53,54
a1602.lab,15,55
a1607.lab,31
a1609.lab,46
a1610.lab,4,37,46
a1612.lab,12,13
a1616.lab,16
a1618.lab,14
a1622.lab,43
a1631.lab,13,36
a1633.lab,49,50,51,52,53,54,55,56,57,58
a1637.lab,25
a1641.lab,6
a1642.lab,6,7,8,9,10,11,12,13,14,15,16,17,18,19,20,21,22,23,24,25,26,27,28,29,30,31,32
a1645.lab,39
a1648.lab,9,10
a1651.lab,12
a1656.lab,24
a1660.lab,27
a1665.lab,17,18,29
a1666.lab,19,20
a1672.lab,16,17
a1673.lab,10
a1675.lab,30
a1677.lab,39
a1681.lab,30
a1685.lab,40
a1686.lab,20,58,68,69,70,71,72,73,74,75,76
a1688.lab,7
a1691.lab,27
a1693.lab,10
a1696.lab,35
a1697.lab,21
a1700.lab,23
a1705.lab,15
a1706.lab,44,45
a1708.lab,40
a1709.lab,26,27,28,29,30,31,32,33,34,35,36,37,38,39,40,41,42,43,44,45,46,47,48,49,50,51,52,53,54,55,56,57,58,59,60,61
a1710.lab,5,6,7,8,9,10,11,12,13,14,15,16,17,18,19,20,21,22,23,24,25,26,27,28,29,30,31,32,33,34,35,36,37,38,39,40,41,42,43,44,45,46,47,48,49,50,51,52,53,54,55,56,57,58,59,60,61,62,63,64
a1719.lab,10,53
a1723.lab,7
a1726.lab,41,67
a1729.lab,4,45
a1737.lab,22
a1741.lab,22
a1742.lab,8,9,27
a1743.lab,7
a1745.lab,44,45
a1746.lab,16
a1747.lab,20
a1750.lab,6
a1755.lab,85,86,87,88,89,90,91,92,93,94,96,97,98,99,100,101,102,103,104,105
a1759.lab,46
a1760.lab,7
a1761.lab,31
a1763.lab,35
a1764.lab,2
a1767.lab,14,15,16,17,18,19,20,21,22,23,24,25,26,27
a1775.lab,10,23
a1785.lab,12
a1794.lab,26
a1797.lab,14
a1798.lab,20
a1803.lab,21,22,33
a1804.lab,12
a1805.lab,15
a1807.lab,9,19
a1808.lab,5
a1810.lab,23
a1817.lab,5,6,7,8,9,10,11,12,13,14,15,16,17,18,19,20,21,22,23,24,25,26,27,28,29,30,31,32,33,34,35,36,37,38,39,40,41,42,43,44,45,46,47,48,49,50,51
a1821.lab,9,10
a1828.lab,7
a1829.lab,30
a1834.lab,3,6,20,56
a1838.lab,14
a1841.lab,61
a1848.lab,32
a1852.lab,7
a1854.lab,32,33
a1857.lab,9
a1858.lab,46,47,78,79
a1863.lab,6,7
a1864.lab,23
a1868.lab,39,40
a1870.lab,81
a1871.lab,20,21
a1874.lab,12,26
a1876.lab,3
a1877.lab,12
a1883.lab,8,41
a1886.lab,36
a1887.lab,4
a1888.lab,8
a1889.lab,4
a1890.lab,23,24
a1894.lab,7
a1897.lab,15
a1899.lab,11
a1900.lab,14,41,52,53
a1903.lab,23
a1905.lab,16,46
a1907.lab,17
a1908.lab,17
a1909.lab,51
a1910.lab,34
a1913.lab,33
a1914.lab,100
a1918.lab,18
a1921.lab,91
a1923.lab,24
a1924.lab,6
a1928.lab,14
a1932.lab,41
a1935.lab,11
a1938.lab,14,15
a1940.lab,4
a1942.lab,8,9,54,55
a1945.lab,7
a1951.lab,30,31,32,33,34,35,36,37,38,39,40,41,42,43,44,45,46,47,48,49,50,51,52,53
a1953.lab,17
a1957.lab,26,27,28,29,30,31,32
a1958.lab,6
a1960.lab,11
a1966.lab,24,25
a1970.lab,14,15
a1972.lab,24,25
a1973.lab,28,29
a1975.lab,15,16
a1977.lab,12,13
a1981.lab,12
a1994.lab,23
a1995.lab,9
a1997.lab,10
a2001.lab,11
a2012.lab,8,9
a2013.lab,33,34
a2014.lab,13
a2017.lab,33
a2023.lab,8,22
a2025.lab,2
a2026.lab,8
a2031.lab,3,14
a2032.lab,6,12
a2034.lab,23
a2035.lab,3,9
a2036.lab,25
a2037.lab,4,18
a2038.lab,6,34
a2043.lab,10
a2044.lab,13
a2046.lab,15,18
a2049.lab,8,26
a2050.lab,18
a2053.lab,21
a2054.lab,11
a2060.lab,9,15
a2061.lab,11
a2062.lab,15
a2063.lab,36
a2065.lab,27
a2066.lab,20
a2069.lab,10
a2071.lab,11
a2073.lab,21,34
a2077.lab,21,22
a2078.lab,10
a2079.lab,13,20
a2081.lab,20,30
a2082.lab,15
a2096.lab,17
a2098.lab,6
a2109.lab,6
a2113.lab,3
a2114.lab,8
a2116.lab,6
a2120.lab,9
a2121.lab,16
a2122.lab,12,13
a2126.lab,9,10
a2128.lab,7
a2129.lab,2,9
a2140.lab,28
a2147.lab,4,18
a2148.lab,7,15,22
a2152.lab,21
a2157.lab,13,24
a2159.lab,22,23
a2161.lab,6
a2162.lab,7,26
a2163.lab,7
a2169.lab,19
a2172.lab,29,30
a2178.lab,19,26
a2179.lab,39
a2181.lab,11,16,17
a2188.lab,4
a2189.lab,20,29,30
a2196.lab,14
a2200.lab,14,20,21
a2205.lab,14
a2216.lab,7,15
a2220.lab,4
a2221.lab,5
a2233.lab,7
a2237.lab,20,21,22
a2238.lab,21,22
a2244.lab,17,18,19,20,21,22,23,24,25,26,27,28
a2249.lab,15,16
a2265.lab,9,10
a2274.lab,9,10
a2282.lab,18,19
a2283.lab,18
a2298.lab,4
a2300.lab,6
a2319.lab,2,3,4,6
a2320.lab,7,9
a2322.lab,26,27
a2323.lab,8
a2328.lab,18
a2330.lab,36
a2333.lab,11,12,13,18
a2337.lab,10
a2338.lab,9
a2358.lab,5
a2359.lab,7
a2366.lab,19,20
a2369.lab,2
a2370.lab,11,12,13,14,15,16,17,18,19,20
a2376.lab,24
a2393.lab,17
a2395.lab,3
a2397.lab,25
a2398.lab,18
a2401.lab,7
a2403.lab,9
a2421.lab,13
a2443.lab,16
a2457.lab,2,3
a2459.lab,7
a2461.lab,7
a2462.lab,13
a2463.lab,24
a2464.lab,8,9
a2466.lab,9
a2468.lab,25
a2470.lab,2,3
a2471.lab,8
a2476.lab,10
a2477.lab,31,32
a2480.lab,15,16
a2483.lab,24
a2498.lab,10
a2504.lab,7
a2510.lab,26
a2511.lab,13
a2520.lab,21
a2529.lab,21
a2535.lab,10
a2543.lab,13
a2544.lab,9,10
a2559.lab,7
a2569.lab,10
a2573.lab,12
a2592.lab,13
a2594.lab,4
a2598.lab,8
a2602.lab,10
a2603.lab,9
a2614.lab,7
a2615.lab,18,19
a2620.lab,8
a2622.lab,2,13
a2626.lab,14,15
a2632.lab,8,9,10,11,12,13,14,15,16,17,18,19
a2642.lab,20,21,22,23
a2647.lab,19,43
a2663.lab,17,18
a2665.lab,30
a2668.lab,11
a2670.lab,9
a2681.lab,3,4
a2688.lab,29,30
a2704.lab,18
a2716.lab,6
a2727.lab,16
a2735.lab,18,19
a2736.lab,10
a2739.lab,2,3,4,5,6,7,8,9,10,11,12,13,14,15,16,17,18,19,20,21,22
a2742.lab,10
a2744.lab,33,37,38
a2747.lab,10
a2751.lab,31
a2754.lab,3
a2768.lab,28
a2787.lab,15
a2799.lab,10
a2812.lab,29
a2814.lab,16
a2815.lab,17,18
a2823.lab,19
a2825.lab,10
a2828.lab,19
a2842.lab,2
a2843.lab,2
a2844.lab,32
a2848.lab,28
a2857.lab,16,17
a2860.lab,17,18,19
a2869.lab,13,14
a2873.lab,21,22
a2880.lab,9
a2886.lab,14
a2887.lab,10
a2888.lab,18,22
a2898.lab,4
a2899.lab,2
a2905.lab,24,25
a2906.lab,9,10
a2907.lab,24,25
a2910.lab,4,5,6,7,8,10,11,13,14,15,16,17,18,19,20,22,23,24,25,26,27,28,29,31,32,33,34
a2915.lab,18
a2922.lab,11
a2927.lab,15
a2946.lab,14,15
a2947.lab,25,26,27
a2954.lab,28,29,30,31,32,33,34,35,36,37,38,39,40,41,42,43,44,45
a2957.lab,14
a2960.lab,9
a2969.lab,7,8
a2993.lab,65
a2996.lab,11,12
a3001.lab,14,15
a3003.lab,14,45
a3018.lab,7
a3023.lab,25
a3026.lab,7
a3055.lab,18
a3065.lab,38
a3075.lab,43,44
a3076.lab,15
a3081.lab,12,21
a3082.lab,43,73
a3089.lab,43
a3092.lab,57
a3097.lab,14
a3099.lab,16
a3104.lab,8,9
a3121.lab,6
a3127.lab,5
a3128.lab,5
a3130.lab,7,26
a3131.lab,4
a3133.lab,10
a3135.lab,18
a3136.lab,47,48
a3137.lab,9
a3139.lab,13
a3147.lab,2
a3156.lab,23
a3157.lab,31
a3158.lab,45
a3159.lab,4
a3160.lab,7
a3165.lab,8
a3173.lab,22
a3174.lab,22
a3176.lab,11
a3178.lab,35
a3180.lab,6,14,15
a3183.lab,41
a3187.lab,11
a3188.lab,7,11
a3193.lab,26,27
a3195.lab,15,16
a3196.lab,34
a3197.lab,14
a3198.lab,17,18,19,20,21,22,23,24,25,26,27,28,29,30,31,32,33,34,35,36,37,38,39,40,41,42,43,44
a3202.lab,22
a3210.lab,20
a3217.lab,4
a3218.lab,5
a3224.lab,28,29
a3225.lab,34
a3228.lab,41,42
a3229.lab,5,17
a3230.lab,7
a3232.lab,29
a3235.lab,9
a3236.lab,14,20
a3238.lab,8
a3239.lab,22,26,27,28,29,30,31,32,33,34,35,36,37,38,39,40
a3249.lab,23,24,25,26,27,28,29,30,31
a3252.lab,30
a3253.lab,14,15
a3254.lab,14
a3256.lab,8
a3259.lab,24
a3260.lab,10
a3261.lab,25
a3262.lab,7
a3267.lab,34,35
a3269.lab,4
a3272.lab,18
a3273.lab,11,12
a3279.lab,30,31
a3287.lab,10
a3290.lab,21,22
a3296.lab,4,22,26
a3297.lab,30
a3298.lab,5
a3299.lab,13
a3301.lab,26,27
a3304.lab,31
a3307.lab,11
a3309.lab,23
a3311.lab,11,27
a3313.lab,37
a3316.lab,37
a3317.lab,26,29,30
a3320.lab,12
a3323.lab,24
a3324.lab,2,25,43
a3325.lab,32,36
a3326.lab,17,34
a3328.lab,17
a3332.lab,26
a3333.lab,4
a3336.lab,36
a3337.lab,11
a3338.lab,19
a3341.lab,43
a3343.lab,4
a3344.lab,9
a3345.lab,9
a3347.lab,15
a3349.lab,4
a3350.lab,16
a3353.lab,3
a3355.lab,19
a3359.lab,19
a3360.lab,13,23
a3361.lab,12,13
a3362.lab,17
a3365.lab,18,19,20,21,22,23,24,25,26,27,28,29,30,31
a3366.lab,15
a3367.lab,19
a3368.lab,18
a3370.lab,23,24,25,26,27,28,29,30,31,32,33,34,35,36,37,38,39,40
a3374.lab,7
a3376.lab,4
a3378.lab,14,17,18
a3382.lab,7
a3388.lab,10
a3391.lab,6
a3393.lab,3
a3394.lab,25
a3402.lab,13
a3403.lab,12
a3419.lab,13,22
a3425.lab,4,41,42
a3429.lab,4,28,29
a3435.lab,35,36,37,38,39,40,41,42,43,44,45,46,47,48,49,50,51
a3436.lab,30
a3437.lab,7,21
a3442.lab,7
a3453.lab,10
a3454.lab,20,21,22,23,24,25,26,27,28,29,30,31,32,33
a3455.lab,5
a3457.lab,13,18,21
a3458.lab,24,40
a3460.lab,17,18
a3466.lab,14
a3470.lab,4
a3471.lab,5,8,9
a3474.lab,24
a3475.lab,18
a3476.lab,22
a3477.lab,16
a3480.lab,16,17,18,19,20,21,22,23,24,25,27,28,29,30,31,32,33,34,35,36,37,38,39,40,41,42,43,44,45,46,47,48,49,50,51,52,53,54,55,56
a3481.lab,6,7
a3484.lab,3,6,16
a3485.lab,18
a3486.lab,24
a3489.lab,28,29,30,31,32,33,34,36,37,38,39,40,41,42
a3490.lab,18,19
a3494.lab,7,27
a3495.lab,27
a3500.lab,7
a3505.lab,4,15
a3514.lab,19,20,21,22,23,24,25,26,27,28,29
a3515.lab,19,29,30,31,32,33,34,35,36,37,38,39,40,41,42,43
a3516.lab,20,44
a3517.lab,4,22,23,24,25,26,27,28,29,30,31,32,33,34,35,36,37
a3531.lab,20
a3533.lab,14
a3534.lab,21
a3540.lab,30
a3549.lab,3
a3550.lab,32,33
a3556.lab,30
a3557.lab,7
a3562.lab,23,36,37
a3567.lab,7
a3568.lab,40
a3570.lab,38
a3578.lab,21
a3579.lab,22
a3582.lab,13
a3585.lab,7
a3592.lab,38
a3599.lab,21,23
a3600.lab,33
a3602.lab,33
a3604.lab,43,44
a3605.lab,24
a3606.lab,10
a3608.lab,13
a3615.lab,22
a3618.lab,27
a3619.lab,12
a3621.lab,9,18
a3623.lab,4,22
a3624.lab,10
a3637.lab,29
a3640.lab,12
a3642.lab,20
a3649.lab,13
a3654.lab,15,36,38
a3656.lab,19
a3657.lab,6
a3659.lab,14
a3660.lab,12
a3665.lab,27
a3670.lab,41
a3672.lab,12
a3677.lab,16
a3680.lab,17
a3685.lab,10
a3688.lab,21,22,23,24,25,26,27,29,30,32,33,35,36,38,39,40,41,42,43,44,46,47
a3691.lab,10
a3692.lab,10,30
a3693.lab,16
a3701.lab,2
a3702.lab,10
a3703.lab,8
a3705.lab,39
a3709.lab,18
a3712.lab,43,44,45,46,47,48,49
a3715.lab,8,9,20
a3716.lab,9,10
a3722.lab,7
a3731.lab,18,19
a3733.lab,6
a3734.lab,3
a3736.lab,3
a3738.lab,11,12
a3739.lab,10
a3740.lab,8,9
a3746.lab,8,9
a3750.lab,37,38
a3754.lab,16
a3756.lab,27,28
a3761.lab,21
a3763.lab,27
a3769.lab,15
a3771.lab,26,27
a3772.lab,4
a3773.lab,7
a3779.lab,16,18
a3787.lab,28,29
a3788.lab,22
a3789.lab,31
a3792.lab,49
a3794.lab,40,41
a3802.lab,15
a3803.lab,8,11,12,25,28
a3806.lab,24
a3809.lab,4
a3810.lab,16,29
a3811.lab,12
a3813.lab,25
a3820.lab,12,38,39
a3821.lab,26,27
a3823.lab,23,24
a3824.lab,13,17
a3826.lab,12,35,58
a3827.lab,31
a3828.lab,34,35
a3829.lab,13,52,53
a3838.lab,17
a3839.lab,37
a3841.lab,22
a3843.lab,10
a3844.lab,27,33
a3845.lab,5
a3846.lab,23,24
a3847.lab,7,21
a3849.lab,50
a3852.lab,29
a3854.lab,8,9,17
a3857.lab,6,42
a3860.lab,10,11,21,22
a3869.lab,32
a3873.lab,28
a3874.lab,10
a3875.lab,4
a3876.lab,16
a3880.lab,3,4,6,7,9,10,12,13,15,16,18,19
a3888.lab,3
a3890.lab,12
a3896.lab,18
a3897.lab,3,4,6,7,9,10,12,13,15,16
a3898.lab,3,4,6,7,9,10
a3900.lab,3,13
a3902.lab,10
a3903.lab,10
a3905.lab,22
a3914.lab,19
a3915.lab,7
a3920.lab,22
a3932.lab,9
a3942.lab,26,27
a3944.lab,31
a3945.lab,31,34,35
a3947.lab,40,41
a3950.lab,19
a3952.lab,36
a3963.lab,2
a3964.lab,24,25
a3966.lab,10
a3969.lab,28,29
a3971.lab,31,32
a3972.lab,2
a3973.lab,2
a3976.lab,50
a3982.lab,2,12
a3985.lab,18
a3988.lab,6,7
a3989.lab,7,12
a3990.lab,13
a3991.lab,4
a3993.lab,9,32
a3994.lab,22,49
a3996.lab,8
a3997.lab,21
a4006.lab,2,5,6
a4007.lab,19
a4010.lab,10,33,34
a4030.lab,7,21,22
a4031.lab,4
a4033.lab,10,33,34
a4034.lab,12,13,25
a4038.lab,38
a4040.lab,13
a4045.lab,3,38
a4046.lab,10
a4059.lab,21
a4061.lab,2,16
a4062.lab,6
a4068.lab,17
a4072.lab,26
a4074.lab,8
a4077.lab,4,35,36
a4079.lab,15,16,38,41,42
a4082.lab,27
a4083.lab,11
a4087.lab,9,10
a4102.lab,26
a4105.lab,30
a4114.lab,18,19
a4116.lab,28
a4127.lab,24
a4129.lab,31
a4134.lab,20
a4135.lab,5
a4136.lab,9
a4137.lab,33
a4142.lab,18,19
a4148.lab,29
a4150.lab,34
a4165.lab,19,40
a4168.lab,27
a4175.lab,37
a4176.lab,3
a4177.lab,3,4
a4179.lab,10
a4180.lab,10
a4183.lab,4,10
a4184.lab,10
a4185.lab,12,17
a4188.lab,15
a4189.lab,23
a4190.lab,7,18
a4192.lab,15
a4196.lab,29
a4199.lab,43
a4201.lab,10
a4203.lab,16
a4204.lab,17,18
a4208.lab,24
a4212.lab,21,25
a4217.lab,5,21,26
a4219.lab,38
a4221.lab,21
a4223.lab,33
a4230.lab,30
a4235.lab,2,23
a4240.lab,16
a4242.lab,7,15,21,35
a4245.lab,11
a4248.lab,14,34
a4249.lab,20
a4251.lab,23
a4252.lab,16
a4259.lab,2
a4260.lab,23
a4266.lab,14
a4267.lab,25
a4268.lab,21
a4277.lab,28
a4280.lab,7,12
a4282.lab,2
a4283.lab,5
a4289.lab,22
a4292.lab,17
a4293.lab,26
a4297.lab,34
a4300.lab,7
a4302.lab,11,33
a4314.lab,4,29
a4315.lab,2,20
a4316.lab,23
a4317.lab,6
a4319.lab,16
a4320.lab,10
a4321.lab,19
a4327.lab,21,36
a4330.lab,9,10,13
a4337.lab,6
a4344.lab,12,14
a4348.lab,10
a4350.lab,56
a4354.lab,9,21
a4355.lab,3
a4356.lab,3
a4357.lab,34,35
a4362.lab,16
a4363.lab,39,40
a4365.lab,4
a4366.lab,10,21
a4373.lab,29
a4385.lab,2
a4386.lab,41
a4390.lab,2,18
a4393.lab,17
a4394.lab,19
a4395.lab,2
a4396.lab,7
a4397.lab,17
a4398.lab,37
a4403.lab,25
a4408.lab,14,15
a4415.lab,12
a4416.lab,12
a4418.lab,32
a4420.lab,27,41
a4423.lab,17
a4424.lab,18
a4427.lab,57,58
a4431.lab,9,21
a4434.lab,22,23
a4444.lab,19,20
a4449.lab,37
a4450.lab,12
a4457.lab,36
a4458.lab,40
a4459.lab,7
